(0 0) (100 0) (0 100) (100 100) 
(100 0) (200 0) (100 100) (200 100) 
(200 0) (300 0) (200 100) (300 100) 
(300 0) (400 0) (300 100) (400 100) 
(400 0) (500 0) (400 100) (500 100) 
(500 0) (600 0) (500 100) (600 100) 
(600 0) (700 0) (600 100) (700 100) 
(700 0) (800 0) (700 100) (800 100) 
(800 0) (900 0) (800 100) (900 100) 
(900 0) (1000 0) (900 100) (1000 100) 
(1000 0) (1100 0) (1000 100) (1100 100) 
(1100 0) (1200 0) (1100 100) (1200 100) 
(1200 0) (1300 0) (1200 100) (1300 100) 
(1300 0) (1400 0) (1300 100) (1400 100) 
(1400 0) (1500 0) (1400 100) (1500 100) 
(1500 0) (1600 0) (1500 100) (1600 100) 
(1600 0) (1700 0) (1600 100) (1700 100) 
(1700 0) (1800 0) (1700 100) (1800 100) 
(1800 0) (1900 0) (1800 100) (1900 100) 
(1900 0) (2000 0) (1900 100) (2000 100) 
(2000 0) (2100 0) (2000 100) (2100 100) 
(2100 0) (2200 0) (2100 100) (2200 100) 
(2200 0) (2300 0) (2200 100) (2300 100) 
(2300 0) (2400 0) (2300 100) (2400 100) 
(2400 0) (2500 0) (2400 100) (2500 100) 
(2500 0) (2600 0) (2500 100) (2600 100) 
(2600 0) (2700 0) (2600 100) (2700 100) 
(2700 0) (2800 0) (2700 100) (2800 100) 
(2800 0) (2900 0) (2800 100) (2900 100) 
(2900 0) (3000 0) (2900 100) (3000 100) 
(3000 0) (3100 0) (3000 100) (3100 100) 
(3100 0) (3200 0) (3100 100) (3200 100) 
(3200 0) (3300 0) (3200 100) (3300 100) 
(3300 0) (3400 0) (3300 100) (3400 100) 
(3400 0) (3500 0) (3400 100) (3500 100) 
(3500 0) (3600 0) (3500 100) (3600 100) 
(3600 0) (3700 0) (3600 100) (3700 100) 
(3700 0) (3800 0) (3700 100) (3800 100) 
(3800 0) (3900 0) (3800 100) (3900 100) 
(3900 0) (4000 0) (3900 100) (4000 100) 
(4000 0) (4100 0) (4000 100) (4100 100) 
(4100 0) (4200 0) (4100 100) (4200 100) 
(4200 0) (4300 0) (4200 100) (4300 100) 
(4300 0) (4400 0) (4300 100) (4400 100) 
(4400 0) (4500 0) (4400 100) (4500 100) 
(4500 0) (4600 0) (4500 100) (4600 100) 
(4600 0) (4700 0) (4600 100) (4700 100) 
(4700 0) (4800 0) (4700 100) (4800 100) 
(4800 0) (4900 0) (4800 100) (4900 100) 
(4900 0) (5000 0) (4900 100) (5000 100) 
(5000 0) (5100 0) (5000 100) (5100 100) 
(5100 0) (5200 0) (5100 100) (5200 100) 
(5200 0) (5300 0) (5200 100) (5300 100) 
(5300 0) (5400 0) (5300 100) (5400 100) 
(5400 0) (5500 0) (5400 100) (5500 100) 
(5500 0) (5600 0) (5500 100) (5600 100) 
(5600 0) (5700 0) (5600 100) (5700 100) 
(5700 0) (5800 0) (5700 100) (5800 100) 
(5800 0) (5900 0) (5800 100) (5900 100) 
(5900 0) (6000 0) (5900 100) (6000 100) 
(6000 0) (6100 0) (6000 100) (6100 100) 
(6100 0) (6200 0) (6100 100) (6200 100) 
(6200 0) (6300 0) (6200 100) (6300 100) 
(6300 0) (6400 0) (6300 100) (6400 100) 
(6400 0) (6500 0) (6400 100) (6500 100) 
(6500 0) (6600 0) (6500 100) (6600 100) 
(6600 0) (6700 0) (6600 100) (6700 100) 
(6700 0) (6800 0) (6700 100) (6800 100) 
(6800 0) (6900 0) (6800 100) (6900 100) 
(6900 0) (7000 0) (6900 100) (7000 100) 
(7000 0) (7100 0) (7000 100) (7100 100) 
(7100 0) (7200 0) (7100 100) (7200 100) 
(7200 0) (7300 0) (7200 100) (7300 100) 
(7300 0) (7400 0) (7300 100) (7400 100) 
(7400 0) (7500 0) (7400 100) (7500 100) 
(7500 0) (7600 0) (7500 100) (7600 100) 
(7600 0) (7700 0) (7600 100) (7700 100) 
(7700 0) (7800 0) (7700 100) (7800 100) 
(7800 0) (7900 0) (7800 100) (7900 100) 
(7900 0) (8000 0) (7900 100) (8000 100) 
(8000 0) (8100 0) (8000 100) (8100 100) 
(8100 0) (8200 0) (8100 100) (8200 100) 
(8200 0) (8300 0) (8200 100) (8300 100) 
(8300 0) (8400 0) (8300 100) (8400 100) 
(8400 0) (8500 0) (8400 100) (8500 100) 
(8500 0) (8600 0) (8500 100) (8600 100) 
(8600 0) (8700 0) (8600 100) (8700 100) 
(8700 0) (8800 0) (8700 100) (8800 100) 
(8800 0) (8900 0) (8800 100) (8900 100) 
(8900 0) (9000 0) (8900 100) (9000 100) 
(9000 0) (9100 0) (9000 100) (9100 100) 
(9100 0) (9200 0) (9100 100) (9200 100) 
(9200 0) (9300 0) (9200 100) (9300 100) 
(9300 0) (9400 0) (9300 100) (9400 100) 
(9400 0) (9500 0) (9400 100) (9500 100) 
(9500 0) (9600 0) (9500 100) (9600 100) 
(9600 0) (9700 0) (9600 100) (9700 100) 
(9700 0) (9800 0) (9700 100) (9800 100) 
(9800 0) (9900 0) (9800 100) (9900 100) 
(9900 0) (10000 0) (9900 100) (10000 100) 
1000000
