(0 0) (3 0) (0 6) (3 6) 
(3 0) (8 0) (3 8) (8 8) 
(8 0) (18 0) (8 7) (18 7) 
(0 8) (12 8) (0 17) (12 17) 
(0 17) (14 17) (0 28) (14 28) 
(14 17) (18 17) (14 25) (18 25) 
(18 0) (24 0) (18 10) (24 10) 
(24 0) (32 0) (24 12) (32 12) 
(18 12) (32 12) (18 22) (32 22) 
(32 0) (44 0) (32 16) (44 16) 
(44 0) (49 0) (44 10) (49 10) 
(32 16) (44 16) (32 23) (44 23) 
(49 0) (58 0) (49 14) (58 14) 
(58 0) (69 0) (58 16) (69 16) 
(49 16) (67 16) (49 29) (67 29) 
(69 0) (75 0) (69 12) (75 12) 
(75 0) (83 0) (75 14) (83 14) 
(69 14) (85 14) (69 24) (85 24) 
(85 0) (103 0) (85 12) (103 12) 
(85 12) (105 12) (85 26) (105 26) 
3045
