(0 0) (11 0) (0 13) (11 13) 
(11 0) (24 0) (11 15) (24 15) 
(24 0) (41 0) (24 15) (41 15) 
(0 15) (19 15) (0 32) (19 32) 
(0 32) (21 32) (0 51) (21 51) 
(21 32) (31 32) (21 44) (31 44) 
(41 0) (53 0) (41 14) (53 14) 
(53 0) (67 0) (53 16) (67 16) 
(41 16) (59 16) (41 32) (59 32) 
(67 0) (85 0) (67 20) (85 20) 
(85 0) (94 0) (85 11) (94 11) 
(67 20) (80 20) (67 31) (80 31) 
(94 0) (107 0) (94 15) (107 15) 
(107 0) (122 0) (107 17) (122 17) 
(94 17) (113 17) (94 34) (113 34) 
(122 0) (130 0) (122 10) (130 10) 
(130 0) (140 0) (130 12) (140 12) 
(122 12) (136 12) (122 24) (136 24) 
(140 0) (156 0) (140 14) (156 14) 
(140 14) (156 14) (140 32) (156 32) 
7956
