(0 0) (10 0) (0 20) (10 20) 
(10 0) (25 0) (10 25) (25 25) 
(0 25) (18 25) (0 37) (18 37) 
(25 0) (33 0) (25 16) (33 16) 
(0 37) (22 37) (0 51) (22 51) 
(33 0) (42 0) (33 17) (42 17) 
(0 51) (19 51) (0 62) (19 62) 
(42 0) (55 0) (42 21) (55 21) 
(0 62) (15 62) (0 69) (15 69) 
(55 0) (65 0) (55 18) (65 18) 
(0 69) (20 69) (0 81) (20 81) 
(65 0) (80 0) (65 18) (80 18) 
(0 81) (15 81) (0 90) (15 90) 
(80 0) (91 0) (80 17) (91 17) 
(0 90) (19 90) (0 103) (19 103) 
(91 0) (99 0) (91 14) (99 14) 
(0 103) (16 103) (0 113) (16 113) 
(99 0) (111 0) (99 18) (111 18) 
(0 113) (20 113) (0 127) (20 127) 
(111 0) (127 0) (111 22) (127 22) 
(0 127) (13 127) (0 138) (13 138) 
(127 0) (140 0) (127 15) (140 15) 
(0 138) (17 138) (0 153) (17 153) 
(140 0) (157 0) (140 19) (157 19) 
(0 153) (21 153) (0 172) (21 172) 
(157 0) (167 0) (157 12) (167 12) 
(0 172) (14 172) (0 184) (14 184) 
(167 0) (181 0) (167 16) (181 16) 
(0 184) (18 184) (0 200) (18 200) 
(181 0) (199 0) (181 20) (199 20) 
(0 200) (11 200) (0 209) (11 209) 
(199 0) (210 0) (199 13) (210 13) 
(0 209) (15 209) (0 222) (15 222) 
(210 0) (225 0) (210 17) (225 17) 
(0 222) (19 222) (0 239) (19 239) 
(225 0) (233 0) (225 10) (233 10) 
(0 239) (12 239) (0 249) (12 249) 
(233 0) (245 0) (233 14) (245 14) 
(0 249) (16 249) (0 263) (16 263) 
(245 0) (261 0) (245 18) (261 18) 
(0 263) (9 263) (0 270) (9 270) 
(261 0) (270 0) (261 11) (270 11) 
(0 270) (13 270) (0 281) (13 281) 
(270 0) (283 0) (270 15) (283 15) 
(0 281) (17 281) (0 296) (17 296) 
(283 0) (289 0) (283 8) (289 8) 
(0 296) (10 296) (0 304) (10 304) 
(289 0) (299 0) (289 12) (299 12) 
(0 304) (14 304) (0 316) (14 316) 
(299 0) (313 0) (299 16) (313 16) 
(0 316) (7 316) (0 321) (7 321) 
(313 0) (320 0) (313 9) (320 9) 
(0 321) (11 321) (0 330) (11 330) 
(320 0) (331 0) (320 13) (331 13) 
(0 330) (15 330) (0 343) (15 343) 
(331 0) (335 0) (331 6) (335 6) 
(0 343) (8 343) (0 349) (8 349) 
(335 0) (343 0) (335 10) (343 10) 
(0 349) (12 349) (0 359) (12 359) 
(343 0) (355 0) (343 14) (355 14) 
(0 359) (5 359) (0 362) (5 362) 
(355 0) (360 0) (355 7) (360 7) 
(0 362) (9 362) (0 369) (9 369) 
(360 0) (369 0) (360 11) (369 11) 
(0 369) (13 369) (0 380) (13 380) 
(369 0) (371 0) (369 4) (371 4) 
(0 380) (6 380) (0 384) (6 384) 
(371 0) (377 0) (371 8) (377 8) 
(0 384) (10 384) (0 392) (10 392) 
(377 0) (387 0) (377 12) (387 12) 
(0 392) (3 392) (0 393) (3 393) 
(387 0) (390 0) (387 5) (390 5) 
(0 393) (7 393) (0 398) (7 398) 
(390 0) (397 0) (390 9) (397 9) 
(0 398) (11 398) (0 407) (11 407) 
(397 0) (399 0) (397 5) (399 5) 
(0 407) (7 407) (0 411) (7 411) 
(399 0) (405 0) (399 9) (405 9) 
(0 411) (11 411) (0 419) (11 419) 
(405 0) (415 0) (405 13) (415 13) 
(0 419) (6 419) (0 422) (6 422) 
(415 0) (420 0) (415 8) (420 8) 
(0 422) (10 422) (0 429) (10 429) 
(420 0) (429 0) (420 12) (429 12) 
(0 429) (14 429) (0 440) (14 440) 
(429 0) (433 0) (429 8) (433 8) 
(0 440) (10 440) (0 446) (10 446) 
(433 0) (441 0) (433 12) (441 12) 
(0 446) (14 446) (0 456) (14 456) 
(441 0) (453 0) (441 16) (453 16) 
(0 456) (10 456) (0 461) (10 461) 
(453 0) (460 0) (453 12) (460 12) 
(0 461) (14 461) (0 470) (14 470) 
(460 0) (471 0) (460 16) (471 16) 
(0 470) (18 470) (0 483) (18 483) 
(471 0) (477 0) (471 12) (477 12) 
(0 483) (14 483) (0 491) (14 491) 
(477 0) (487 0) (477 16) (487 16) 
(0 491) (18 491) (0 503) (18 503) 
(487 0) (501 0) (487 20) (501 20) 
252003
