(0 0) (7 0) (0 9) (7 9) 
(7 0) (16 0) (7 11) (16 11) 
(16 0) (29 0) (16 11) (29 11) 
(0 11) (15 11) (0 24) (15 24) 
(0 24) (17 24) (0 39) (17 39) 
(17 24) (23 24) (17 32) (23 32) 
(29 0) (37 0) (29 10) (37 10) 
(37 0) (47 0) (37 12) (47 12) 
(29 12) (43 12) (29 24) (43 24) 
(47 0) (61 0) (47 16) (61 16) 
(61 0) (66 0) (61 7) (66 7) 
(47 16) (56 16) (47 23) (56 23) 
(66 0) (75 0) (66 11) (75 11) 
(75 0) (86 0) (75 13) (86 13) 
(66 13) (81 13) (66 26) (81 26) 
(86 0) (90 0) (86 6) (90 6) 
(90 0) (96 0) (90 8) (96 8) 
(86 8) (96 8) (86 16) (96 16) 
(96 0) (108 0) (96 10) (108 10) 
(96 10) (108 10) (96 24) (108 24) 
4212
