(0 0) (20 0) (0 10) (20 10) 
(20 0) (45 0) (20 15) (45 15) 
(45 0) (63 0) (45 12) (63 12) 
(0 15) (16 15) (0 23) (16 23) 
(0 23) (22 23) (0 37) (22 37) 
(22 23) (39 23) (22 32) (39 32) 
(63 0) (74 0) (63 19) (74 19) 
(74 0) (87 0) (74 21) (87 21) 
(63 21) (78 21) (63 28) (78 28) 
(87 0) (97 0) (87 18) (97 18) 
(97 0) (109 0) (97 20) (109 20) 
(87 20) (105 20) (87 35) (105 35) 
(109 0) (118 0) (109 15) (118 15) 
(118 0) (129 0) (118 17) (129 17) 
(109 17) (128 17) (109 30) (128 30) 
(129 0) (137 0) (129 14) (137 14) 
(137 0) (147 0) (137 16) (147 16) 
(129 16) (147 16) (129 28) (147 28) 
(147 0) (161 0) (147 20) (161 20) 
(161 0) (177 0) (161 22) (177 22) 
(147 22) (160 22) (147 33) (160 33) 
(177 0) (190 0) (177 15) (190 15) 
(190 0) (205 0) (190 17) (205 17) 
(177 17) (196 17) (177 34) (196 34) 
(205 0) (224 0) (205 21) (224 21) 
(224 0) (234 0) (224 12) (234 12) 
(205 21) (219 21) (205 33) (219 33) 
(234 0) (248 0) (234 16) (248 16) 
(248 0) (264 0) (248 18) (264 18) 
(234 18) (254 18) (234 36) (254 36) 
(264 0) (273 0) (264 11) (273 11) 
(273 0) (284 0) (273 13) (284 13) 
(264 13) (279 13) (264 26) (279 26) 
(284 0) (299 0) (284 17) (299 17) 
(299 0) (316 0) (299 19) (316 19) 
(284 19) (294 19) (284 27) (294 27) 
(316 0) (326 0) (316 12) (326 12) 
(326 0) (338 0) (326 14) (338 14) 
(316 14) (332 14) (316 28) (332 28) 
(338 0) (354 0) (338 18) (354 18) 
(354 0) (361 0) (354 9) (361 9) 
(338 18) (349 18) (338 27) (349 27) 
(361 0) (372 0) (361 13) (372 13) 
(372 0) (385 0) (372 15) (385 15) 
(361 15) (378 15) (361 30) (378 30) 
(385 0) (391 0) (385 8) (391 8) 
(391 0) (399 0) (391 10) (399 10) 
(385 10) (397 10) (385 20) (397 20) 
(399 0) (411 0) (399 14) (411 14) 
(411 0) (425 0) (411 16) (425 16) 
(399 16) (406 16) (399 21) (406 21) 
(425 0) (432 0) (425 9) (432 9) 
(432 0) (441 0) (432 11) (441 11) 
(425 11) (438 11) (425 22) (438 22) 
(441 0) (454 0) (441 15) (454 15) 
(454 0) (458 0) (454 6) (458 6) 
(441 15) (449 15) (441 21) (449 21) 
(458 0) (466 0) (458 10) (466 10) 
(466 0) (476 0) (466 12) (476 12) 
(458 12) (472 12) (458 24) (472 24) 
(476 0) (479 0) (476 5) (479 5) 
(479 0) (484 0) (479 7) (484 7) 
(476 7) (483 7) (476 16) (483 16) 
(484 0) (493 0) (484 11) (493 11) 
(493 0) (504 0) (493 13) (504 13) 
(484 13) (488 13) (484 15) (488 15) 
(504 0) (508 0) (504 6) (508 6) 
(508 0) (514 0) (508 8) (514 8) 
(504 8) (514 8) (504 16) (514 16) 
(514 0) (524 0) (514 12) (524 12) 
(524 0) (525 0) (524 3) (525 3) 
(514 12) (519 12) (514 15) (519 15) 
(525 0) (530 0) (525 7) (530 7) 
(530 0) (537 0) (530 9) (537 9) 
(525 9) (536 9) (525 18) (536 18) 
(537 0) (539 0) (537 5) (539 5) 
(539 0) (543 0) (539 7) (543 7) 
(537 7) (543 7) (537 16) (543 16) 
(543 0) (551 0) (543 11) (551 11) 
(551 0) (561 0) (551 13) (561 13) 
(543 13) (549 13) (543 16) (549 16) 
(561 0) (566 0) (561 8) (566 8) 
(566 0) (573 0) (566 10) (573 10) 
(561 10) (573 10) (561 19) (573 19) 
(573 0) (584 0) (573 14) (584 14) 
(584 0) (588 0) (584 8) (588 8) 
(573 14) (583 14) (573 20) (583 20) 
(588 0) (596 0) (588 12) (596 12) 
(596 0) (606 0) (596 14) (606 14) 
(588 14) (604 14) (588 26) (604 26) 
(606 0) (611 0) (606 10) (611 10) 
(611 0) (618 0) (611 12) (618 12) 
(606 12) (615 12) (606 26) (615 26) 
(618 0) (629 0) (618 16) (629 16) 
(629 0) (642 0) (629 18) (642 18) 
(618 18) (630 18) (618 24) (630 24) 
(642 0) (650 0) (642 14) (650 14) 
(650 0) (660 0) (650 16) (660 16) 
(642 16) (660 16) (642 28) (660 28) 
(0 37) (20 37) (0 51) (20 51) 
33660
