(0 0) (10 0) (0 20) (10 20) 
(10 0) (35 0) (10 15) (35 15) 
(35 0) (47 0) (35 18) (47 18) 
(0 20) (16 20) (0 28) (16 28) 
(0 28) (22 28) (0 42) (22 42) 
(22 28) (39 28) (22 37) (39 37) 
(47 0) (58 0) (47 19) (58 19) 
(58 0) (71 0) (58 21) (71 21) 
(47 21) (62 21) (47 28) (62 28) 
(71 0) (81 0) (71 18) (81 18) 
(81 0) (93 0) (81 20) (93 20) 
(71 20) (89 20) (71 35) (89 35) 
(93 0) (102 0) (93 15) (102 15) 
(102 0) (113 0) (102 17) (113 17) 
(93 17) (112 17) (93 30) (112 30) 
(113 0) (121 0) (113 14) (121 14) 
(121 0) (131 0) (121 16) (131 16) 
(113 16) (131 16) (113 28) (131 28) 
(131 0) (145 0) (131 20) (145 20) 
(131 20) (147 20) (131 42) (147 42) 
6174
