(0 0) (3 0) (0 5) (3 5) 
(3 0) (8 0) (3 7) (8 7) 
(8 0) (17 0) (8 7) (17 7) 
(0 7) (11 7) (0 16) (11 16) 
(0 16) (13 16) (0 27) (13 27) 
(13 16) (15 16) (13 20) (15 20) 
(17 0) (21 0) (17 6) (21 6) 
(21 0) (27 0) (21 8) (27 8) 
(17 8) (27 8) (17 16) (27 16) 
(27 0) (37 0) (27 12) (37 12) 
(37 0) (38 0) (37 3) (38 3) 
(27 12) (32 12) (27 15) (32 15) 
(38 0) (43 0) (38 7) (43 7) 
(43 0) (50 0) (43 9) (50 9) 
(38 9) (49 9) (38 18) (49 18) 
(50 0) (52 0) (50 5) (52 5) 
(52 0) (56 0) (52 7) (56 7) 
(50 7) (56 7) (50 16) (56 16) 
(56 0) (64 0) (56 11) (64 11) 
(56 11) (66 11) (56 24) (66 24) 
1782
