(0 0) (10 0) (0 20) (10 20) 
(10 0) (25 0) (10 25) (25 25) 
(25 0) (37 0) (25 18) (37 18) 
(37 0) (45 0) (37 16) (45 16) 
(45 0) (59 0) (45 22) (59 22) 
(59 0) (68 0) (59 17) (68 17) 
(68 0) (79 0) (68 19) (79 19) 
(79 0) (92 0) (79 21) (92 21) 
(92 0) (99 0) (92 15) (99 15) 
(0 25) (18 25) (0 35) (18 35) 
(0 35) (20 35) (0 47) (20 47) 
(0 47) (18 47) (0 62) (18 62) 
(0 62) (15 62) (0 71) (15 71) 
(0 71) (17 71) (0 82) (17 82) 
(0 82) (19 82) (0 95) (19 95) 
(0 95) (14 95) (0 103) (14 103) 
(0 103) (16 103) (0 113) (16 113) 
(0 113) (18 113) (0 125) (18 125) 
(0 125) (20 125) (0 139) (20 139) 
(0 139) (22 139) (0 155) (22 155) 
(0 155) (13 155) (0 166) (13 166) 
(0 166) (15 166) (0 179) (15 179) 
(0 179) (17 179) (0 194) (17 194) 
(0 194) (19 194) (0 211) (19 211) 
(0 211) (21 211) (0 230) (21 230) 
(0 230) (12 230) (0 240) (12 240) 
(0 240) (14 240) (0 252) (14 252) 
(0 252) (16 252) (0 266) (16 266) 
(0 266) (18 266) (0 282) (18 282) 
(0 282) (20 282) (0 300) (20 300) 
(0 300) (11 300) (0 309) (11 309) 
(0 309) (13 309) (0 320) (13 320) 
(0 320) (15 320) (0 333) (15 333) 
(0 333) (17 333) (0 348) (17 348) 
(0 348) (19 348) (0 365) (19 365) 
(0 365) (10 365) (0 373) (10 373) 
(0 373) (12 373) (0 383) (12 383) 
(0 383) (14 383) (0 395) (14 395) 
(0 395) (16 395) (0 409) (16 409) 
(0 409) (18 409) (0 425) (18 425) 
(0 425) (9 425) (0 432) (9 432) 
(0 432) (11 432) (0 441) (11 441) 
(0 441) (13 441) (0 452) (13 452) 
(0 452) (15 452) (0 465) (15 465) 
(0 465) (17 465) (0 480) (17 480) 
(0 480) (8 480) (0 486) (8 486) 
(0 486) (10 486) (0 494) (10 494) 
(0 494) (12 494) (0 504) (12 504) 
(0 504) (14 504) (0 516) (14 516) 
(0 516) (16 516) (0 530) (16 530) 
(0 530) (7 530) (0 535) (7 535) 
(0 535) (9 535) (0 542) (9 542) 
(0 542) (11 542) (0 551) (11 551) 
(0 551) (13 551) (0 562) (13 562) 
(0 562) (15 562) (0 575) (15 575) 
(0 575) (6 575) (0 579) (6 579) 
(0 579) (8 579) (0 585) (8 585) 
(0 585) (10 585) (0 593) (10 593) 
(0 593) (12 593) (0 603) (12 603) 
(0 603) (14 603) (0 615) (14 615) 
(0 615) (5 615) (0 618) (5 618) 
(0 618) (7 618) (0 623) (7 623) 
(0 623) (9 623) (0 630) (9 630) 
(0 630) (11 630) (0 639) (11 639) 
(0 639) (13 639) (0 650) (13 650) 
(0 650) (4 650) (0 652) (4 652) 
(0 652) (6 652) (0 656) (6 656) 
(0 656) (8 656) (0 662) (8 662) 
(0 662) (10 662) (0 670) (10 670) 
(0 670) (12 670) (0 680) (12 680) 
(0 680) (3 680) (0 681) (3 681) 
(0 681) (5 681) (0 684) (5 684) 
(0 684) (7 684) (0 689) (7 689) 
(0 689) (9 689) (0 696) (9 696) 
(0 696) (11 696) (0 705) (11 705) 
(0 705) (5 705) (0 707) (5 707) 
(0 707) (7 707) (0 711) (7 711) 
(0 711) (9 711) (0 717) (9 717) 
(0 717) (11 717) (0 725) (11 725) 
(0 725) (13 725) (0 735) (13 735) 
(0 735) (6 735) (0 738) (6 738) 
(0 738) (8 738) (0 743) (8 743) 
(0 743) (10 743) (0 750) (10 750) 
(0 750) (12 750) (0 759) (12 759) 
(0 759) (14 759) (0 770) (14 770) 
(0 770) (8 770) (0 774) (8 774) 
(0 774) (10 774) (0 780) (10 780) 
(0 780) (12 780) (0 788) (12 788) 
(0 788) (14 788) (0 798) (14 798) 
(0 798) (16 798) (0 810) (16 810) 
(0 810) (10 810) (0 815) (10 815) 
(0 815) (12 815) (0 822) (12 822) 
(0 822) (14 822) (0 831) (14 831) 
(0 831) (16 831) (0 842) (16 842) 
(0 842) (18 842) (0 855) (18 855) 
(0 855) (12 855) (0 861) (12 861) 
(0 861) (14 861) (0 869) (14 869) 
(0 869) (16 869) (0 879) (16 879) 
(0 879) (18 879) (0 891) (18 891) 
(99 0) (113 0) (99 20) (113 20) 
100683
